-0.055499533147
0.018684351419
-0.010998383967
0.054452776291
-0.136236051530
0.081586332141
-0.029835727455
0.096256932306
-0.344961530844
0.096256932306
-0.029835727455
0.081586332141
-0.136236051530
0.054452776291
-0.010998383967
0.018684351419
-0.055499533147
-0.009206349206
-0.009206349206
0.012184887435
0.012184887435
-0.027089947090
-0.027089947090
0.030143154893
0.030143154893
-0.055499533147
-0.055499533147
0.030143154893
0.030143154893
-0.027089947090
-0.027089947090
0.012184887435
0.012184887435
-0.009206349206
-0.009206349206
-0.009206349206
-0.009206349206
0.012184887435
0.012184887435
-0.027089947090
-0.027089947090
0.030143154893
0.030143154893
-0.055499533147
-0.055499533147
0.030143154893
0.030143154893
-0.027089947090
-0.027089947090
0.012184887435
0.012184887435
-0.009206349206
-0.009206349206
-0.027089947090
-0.027089947090
0.071111111111
0.071111111111
-0.136236051530
-0.136236051530
0.071111111111
0.071111111111
-0.027089947090
-0.027089947090
-0.006481481481
-0.006481481481
-0.006481481481
-0.006481481481
0.007407407407
0.007407407407
0.007407407407
0.007407407407
-0.009206349206
-0.009206349206
-0.009206349206
-0.009206349206
0.007407407407
0.007407407407
0.007407407407
0.007407407407
-0.006481481481
-0.006481481481
-0.006481481481
-0.006481481481
-0.027089947090
-0.027089947090
0.071111111111
0.071111111111
-0.136236051530
-0.136236051530
0.071111111111
0.071111111111
-0.027089947090
-0.027089947090
0.012184887435
0.030143154893
0.030143154893
0.012184887435
-0.010998383967
-0.029835727455
-0.029835727455
-0.010998383967
0.012184887435
0.030143154893
0.030143154893
0.012184887435
0.007407407407
0.007407407407
0.007407407407
0.007407407407
-0.027089947090
-0.027089947090
-0.027089947090
-0.027089947090
0.007407407407
0.007407407407
0.007407407407
0.007407407407
0.007407407407
0.007407407407
0.007407407407
0.007407407407
-0.027089947090
-0.027089947090
-0.027089947090
-0.027089947090
0.007407407407
0.007407407407
0.007407407407
0.007407407407
0.012184887435
0.030143154893
0.030143154893
0.012184887435
-0.010998383967
-0.029835727455
-0.029835727455
-0.010998383967
0.012184887435
0.030143154893
0.030143154893
0.012184887435
0.018684351419
0.054452776291
0.081586332141
0.096256932306
0.096256932306
0.081586332141
0.054452776291
0.018684351419
0.012184887435
0.012184887435
0.030143154893
0.030143154893
0.030143154893
0.030143154893
0.012184887435
0.012184887435
0.071111111111
0.071111111111
0.071111111111
0.071111111111
0.012184887435
0.030143154893
0.030143154893
0.012184887435
0.012184887435
0.030143154893
0.030143154893
0.012184887435
0.018684351419
0.054452776291
0.081586332141
0.096256932306
0.096256932306
0.081586332141
0.054452776291
0.018684351419
